name: run_blast
channels:
  - bioconda
  - conda-forge
  - defaults
dependencies:
  - _libgcc_mutex=0.1=conda_forge
  - _openmp_mutex=4.5=2_gnu
  - blast=2.17.0=h66d330f_0
  - bzip2=1.0.8=hda65f42_8
  - c-ares=1.34.5=hb9d3cd8_0
  - ca-certificates=2025.8.3=hbd8a1cb_0
  - curl=8.14.1=h332b0f4_0
  - entrez-direct=24.0=he881be0_0
  - keyutils=1.6.3=hb9d3cd8_0
  - krb5=1.21.3=h659f571_0
  - libasprintf=0.25.1=h3f43e3d_1
  - libcurl=8.14.1=h332b0f4_0
  - libedit=3.1.20250104=pl5321h7949ede_0
  - libev=4.33=hd590300_2
  - libgcc=15.1.0=h767d61c_5
  - libgcc-ng=15.1.0=h69a702a_5
  - libgettextpo=0.25.1=h3f43e3d_1
  - libgomp=15.1.0=h767d61c_5
  - libiconv=1.18=h3b78370_2
  - libidn2=2.3.8=ha4ef2c3_0
  - libnghttp2=1.67.0=had1ee68_0
  - libsqlite=3.50.4=h0c1763c_0
  - libssh2=1.11.1=hcf80075_0
  - libstdcxx=15.1.0=h8f9b012_5
  - libstdcxx-ng=15.1.0=h4852527_5
  - libunistring=0.9.10=h7f98852_0
  - libxcrypt=4.4.36=hd590300_1
  - libzlib=1.3.1=hb9d3cd8_2
  - ncbi-vdb=3.2.1=h9948957_0
  - ncurses=6.5=h2d0b736_3
  - openssl=3.5.3=h26f9b46_1
  - perl=5.32.1=7_hd590300_perl5
  - perl-archive-tar=3.04=pl5321hdfd78af_0
  - perl-carp=1.38=pl5321hdfd78af_4
  - perl-common-sense=3.75=pl5321hdfd78af_0
  - perl-compress-raw-bzip2=2.213=pl5321hda65f42_0
  - perl-compress-raw-zlib=2.213=pl5321h4dac143_0
  - perl-encode=3.19=pl5321hec16e2b_1
  - perl-exporter=5.72=pl5321hdfd78af_2
  - perl-exporter-tiny=1.002002=pl5321hdfd78af_0
  - perl-extutils-makemaker=7.70=pl5321hd8ed1ab_0
  - perl-io-compress=2.213=pl5321h503566f_0
  - perl-io-zlib=1.15=pl5321hdfd78af_1
  - perl-json=4.10=pl5321hdfd78af_1
  - perl-json-xs=4.04=pl5321h9948957_0
  - perl-list-moreutils=0.430=pl5321hdfd78af_0
  - perl-list-moreutils-xs=0.430=pl5321h7b50bb2_5
  - perl-parent=0.236=pl5321hdfd78af_2
  - perl-pathtools=3.75=pl5321hec16e2b_3
  - perl-scalar-list-utils=1.62=pl5321hec16e2b_1
  - perl-types-serialiser=1.01=pl5321hdfd78af_0
  - wget=1.21.4=hda4d442_0
  - zlib=1.3.1=hb9d3cd8_2
  - zstd=1.5.7=hb8e6e7a_2
